{
 "cells": [
  {
   "cell_type": "markdown",
   "metadata": {},
   "source": [
    "# KNN "
   ]
  },
  {
   "cell_type": "code",
   "execution_count": 14,
   "metadata": {},
   "outputs": [],
   "source": [
    "# importando bibliotecas\n",
    "import numpy as np\n",
    "import pandas as pd\n",
    "from pandas import Series, DataFrame\n",
    "from sklearn.neighbors import KNeighborsClassifier, DistanceMetric\n",
    "from sklearn.metrics import accuracy_score\n",
    "from sklearn.model_selection import KFold, cross_val_score, train_test_split\n",
    "\n",
    "def euc_distance(linha1, linha2):\n",
    "    return dist.pairwise(linha1, linha2)[0,0]"
   ]
  },
  {
   "cell_type": "code",
   "execution_count": 15,
   "metadata": {},
   "outputs": [
    {
     "name": "stdout",
     "output_type": "stream",
     "text": [
      "0.22966507177033493\n",
      "Media: 21.669530893370208%\n"
     ]
    }
   ],
   "source": [
    "file = pd.read_csv('abalone.csv', names = [\"Sex\", \"Lenght\", \"Diameter\", \"Height\", \"Whole\", \"Shucked\", \"Viscera\", \"Shell\", \"Rings\" ])\n",
    "\n",
    "for feature in [\"Sex\"]:\n",
    "    file[feature] = file[feature].astype('category')\n",
    "    file[feature] = file[feature].cat.codes\n",
    "\n",
    "# Iremos dividir o nosso conjunto de dados em:\n",
    "# - treino, as nossas features, represetado pelo X\n",
    "# - teste, target, representado pelo Y\n",
    "X = file.loc[:, [\"Sex\", \"Lenght\", \"Diameter\", \"Height\", \"Whole\",\"Shucked\", \"Viscera\", \"Shell\"]]\n",
    "Y = file.loc[:, [\"Rings\"]]\n",
    "\n",
    "# Separação do dataset\n",
    "# Treino (80%) / Teste (20%)\n",
    "X_train, X_test, Y_train, Y_test = train_test_split(X, Y.values.flatten(),train_size = 0.8, test_size = 0.2, random_state = 42)\n",
    "\n",
    "dist = DistanceMetric.get_metric('euclidean')\n",
    "\n",
    "#instanciando o modelo de aprendizado com k = 3\n",
    "knn = KNeighborsClassifier(n_neighbors = 3, metric='euclidean')\n",
    "\n",
    "# treinando o modelo com os conjuntos de treino\n",
    "knn.fit(X_train, Y_train)\n",
    "\n",
    "# realizando a predicao\n",
    "pred = knn.predict(X_test)\n",
    "\n",
    "acc = accuracy_score(Y_test, pred)\n",
    "print(acc)\n",
    "\n",
    "k_fold = KFold(n_splits = 5)\n",
    "scores = cross_val_score(knn, X_train, Y_train, cv = k_fold)\n",
    "#print(scores)\n",
    "media = np.mean(scores) * 100\n",
    "print(\"Media: %s%%\" %(media))"
   ]
  },
  {
   "cell_type": "code",
   "execution_count": 16,
   "metadata": {},
   "outputs": [
    {
     "data": {
      "text/html": [
       "<div>\n",
       "<style scoped>\n",
       "    .dataframe tbody tr th:only-of-type {\n",
       "        vertical-align: middle;\n",
       "    }\n",
       "\n",
       "    .dataframe tbody tr th {\n",
       "        vertical-align: top;\n",
       "    }\n",
       "\n",
       "    .dataframe thead th {\n",
       "        text-align: right;\n",
       "    }\n",
       "</style>\n",
       "<table border=\"1\" class=\"dataframe\">\n",
       "  <thead>\n",
       "    <tr style=\"text-align: right;\">\n",
       "      <th></th>\n",
       "      <th>Sex</th>\n",
       "      <th>Lenght</th>\n",
       "      <th>Diameter</th>\n",
       "      <th>Height</th>\n",
       "      <th>Whole</th>\n",
       "      <th>Shucked</th>\n",
       "      <th>Viscera</th>\n",
       "      <th>Shell</th>\n",
       "      <th>Rings</th>\n",
       "    </tr>\n",
       "  </thead>\n",
       "  <tbody>\n",
       "    <tr>\n",
       "      <th>Sex</th>\n",
       "      <td>1.000000</td>\n",
       "      <td>-0.036066</td>\n",
       "      <td>-0.038874</td>\n",
       "      <td>-0.042077</td>\n",
       "      <td>-0.021391</td>\n",
       "      <td>-0.001373</td>\n",
       "      <td>-0.032067</td>\n",
       "      <td>-0.034854</td>\n",
       "      <td>-0.034627</td>\n",
       "    </tr>\n",
       "    <tr>\n",
       "      <th>Lenght</th>\n",
       "      <td>-0.036066</td>\n",
       "      <td>1.000000</td>\n",
       "      <td>0.986812</td>\n",
       "      <td>0.827554</td>\n",
       "      <td>0.925261</td>\n",
       "      <td>0.897914</td>\n",
       "      <td>0.903018</td>\n",
       "      <td>0.897706</td>\n",
       "      <td>0.556720</td>\n",
       "    </tr>\n",
       "    <tr>\n",
       "      <th>Diameter</th>\n",
       "      <td>-0.038874</td>\n",
       "      <td>0.986812</td>\n",
       "      <td>1.000000</td>\n",
       "      <td>0.833684</td>\n",
       "      <td>0.925452</td>\n",
       "      <td>0.893162</td>\n",
       "      <td>0.899724</td>\n",
       "      <td>0.905330</td>\n",
       "      <td>0.574660</td>\n",
       "    </tr>\n",
       "    <tr>\n",
       "      <th>Height</th>\n",
       "      <td>-0.042077</td>\n",
       "      <td>0.827554</td>\n",
       "      <td>0.833684</td>\n",
       "      <td>1.000000</td>\n",
       "      <td>0.819221</td>\n",
       "      <td>0.774972</td>\n",
       "      <td>0.798319</td>\n",
       "      <td>0.817338</td>\n",
       "      <td>0.557467</td>\n",
       "    </tr>\n",
       "    <tr>\n",
       "      <th>Whole</th>\n",
       "      <td>-0.021391</td>\n",
       "      <td>0.925261</td>\n",
       "      <td>0.925452</td>\n",
       "      <td>0.819221</td>\n",
       "      <td>1.000000</td>\n",
       "      <td>0.969405</td>\n",
       "      <td>0.966375</td>\n",
       "      <td>0.955355</td>\n",
       "      <td>0.540390</td>\n",
       "    </tr>\n",
       "    <tr>\n",
       "      <th>Shucked</th>\n",
       "      <td>-0.001373</td>\n",
       "      <td>0.897914</td>\n",
       "      <td>0.893162</td>\n",
       "      <td>0.774972</td>\n",
       "      <td>0.969405</td>\n",
       "      <td>1.000000</td>\n",
       "      <td>0.931961</td>\n",
       "      <td>0.882617</td>\n",
       "      <td>0.420884</td>\n",
       "    </tr>\n",
       "    <tr>\n",
       "      <th>Viscera</th>\n",
       "      <td>-0.032067</td>\n",
       "      <td>0.903018</td>\n",
       "      <td>0.899724</td>\n",
       "      <td>0.798319</td>\n",
       "      <td>0.966375</td>\n",
       "      <td>0.931961</td>\n",
       "      <td>1.000000</td>\n",
       "      <td>0.907656</td>\n",
       "      <td>0.503819</td>\n",
       "    </tr>\n",
       "    <tr>\n",
       "      <th>Shell</th>\n",
       "      <td>-0.034854</td>\n",
       "      <td>0.897706</td>\n",
       "      <td>0.905330</td>\n",
       "      <td>0.817338</td>\n",
       "      <td>0.955355</td>\n",
       "      <td>0.882617</td>\n",
       "      <td>0.907656</td>\n",
       "      <td>1.000000</td>\n",
       "      <td>0.627574</td>\n",
       "    </tr>\n",
       "    <tr>\n",
       "      <th>Rings</th>\n",
       "      <td>-0.034627</td>\n",
       "      <td>0.556720</td>\n",
       "      <td>0.574660</td>\n",
       "      <td>0.557467</td>\n",
       "      <td>0.540390</td>\n",
       "      <td>0.420884</td>\n",
       "      <td>0.503819</td>\n",
       "      <td>0.627574</td>\n",
       "      <td>1.000000</td>\n",
       "    </tr>\n",
       "  </tbody>\n",
       "</table>\n",
       "</div>"
      ],
      "text/plain": [
       "               Sex    Lenght  Diameter    Height     Whole   Shucked  \\\n",
       "Sex       1.000000 -0.036066 -0.038874 -0.042077 -0.021391 -0.001373   \n",
       "Lenght   -0.036066  1.000000  0.986812  0.827554  0.925261  0.897914   \n",
       "Diameter -0.038874  0.986812  1.000000  0.833684  0.925452  0.893162   \n",
       "Height   -0.042077  0.827554  0.833684  1.000000  0.819221  0.774972   \n",
       "Whole    -0.021391  0.925261  0.925452  0.819221  1.000000  0.969405   \n",
       "Shucked  -0.001373  0.897914  0.893162  0.774972  0.969405  1.000000   \n",
       "Viscera  -0.032067  0.903018  0.899724  0.798319  0.966375  0.931961   \n",
       "Shell    -0.034854  0.897706  0.905330  0.817338  0.955355  0.882617   \n",
       "Rings    -0.034627  0.556720  0.574660  0.557467  0.540390  0.420884   \n",
       "\n",
       "           Viscera     Shell     Rings  \n",
       "Sex      -0.032067 -0.034854 -0.034627  \n",
       "Lenght    0.903018  0.897706  0.556720  \n",
       "Diameter  0.899724  0.905330  0.574660  \n",
       "Height    0.798319  0.817338  0.557467  \n",
       "Whole     0.966375  0.955355  0.540390  \n",
       "Shucked   0.931961  0.882617  0.420884  \n",
       "Viscera   1.000000  0.907656  0.503819  \n",
       "Shell     0.907656  1.000000  0.627574  \n",
       "Rings     0.503819  0.627574  1.000000  "
      ]
     },
     "execution_count": 16,
     "metadata": {},
     "output_type": "execute_result"
    }
   ],
   "source": [
    "file.corr()"
   ]
  },
  {
   "cell_type": "code",
   "execution_count": null,
   "metadata": {},
   "outputs": [],
   "source": []
  }
 ],
 "metadata": {
  "kernelspec": {
   "display_name": "Python 3",
   "language": "python",
   "name": "python3"
  },
  "language_info": {
   "codemirror_mode": {
    "name": "ipython",
    "version": 3
   },
   "file_extension": ".py",
   "mimetype": "text/x-python",
   "name": "python",
   "nbconvert_exporter": "python",
   "pygments_lexer": "ipython3",
   "version": "3.7.1"
  }
 },
 "nbformat": 4,
 "nbformat_minor": 2
}
